xof 0303txt 0032
template FVFData {
 <b6e70a0e-8ef9-4e83-94ad-ecc8b0c04897>
 DWORD dwFVF;
 DWORD nDWords;
 array DWORD data[nDWords];
}

template EffectInstance {
 <e331f7e4-0559-4cc2-8e99-1cec1657928f>
 STRING EffectFilename;
 [...]
}

template EffectParamFloats {
 <3014b9a0-62f5-478c-9b86-e4ac9f4e418b>
 STRING ParamName;
 DWORD nFloats;
 array FLOAT Floats[nFloats];
}

template EffectParamString {
 <1dbc4c88-94c1-46ee-9076-2c28818c9481>
 STRING ParamName;
 STRING Value;
}

template EffectParamDWord {
 <e13963bc-ae51-4c5d-b00f-cfa3a9d97ce5>
 STRING ParamName;
 DWORD Value;
}


Material PDX01_-_Default {
 1.000000;1.000000;1.000000;1.000000;;
 3.200000;
 0.000000;0.000000;0.000000;;
 0.000000;0.000000;0.000000;;

 TextureFilename {
  "Ball1.bmp";
 }
}

Material PDX02_-_Default {
 1.000000;1.000000;1.000000;1.000000;;
 3.200000;
 0.000000;0.000000;0.000000;;
 0.000000;0.000000;0.000000;;

 TextureFilename {
  "Ball3.bmp";
 }
}

Frame Box01 {
 

 FrameTransformMatrix {
  1.000000,0.000000,0.000000,0.000000,0.000000,1.000000,0.000000,0.000000,0.000000,0.000000,1.000000,0.000000,-50.545956,0.000000,-0.793302,1.000000;;
 }

 Mesh  {
  20;
  -8.000000;0.000000;-8.000000;,
  8.000000;0.000000;-8.000000;,
  -8.000000;0.000000;8.000000;,
  8.000000;0.000000;8.000000;,
  -8.000000;16.000000;-8.000000;,
  8.000000;16.000000;-8.000000;,
  -8.000000;16.000000;8.000000;,
  8.000000;16.000000;8.000000;,
  -8.000000;0.000000;-8.000000;,
  8.000000;16.000000;-8.000000;,
  8.000000;0.000000;-8.000000;,
  -8.000000;16.000000;-8.000000;,
  8.000000;0.000000;8.000000;,
  8.000000;16.000000;-8.000000;,
  8.000000;0.000000;8.000000;,
  -8.000000;16.000000;8.000000;,
  -8.000000;0.000000;8.000000;,
  8.000000;16.000000;8.000000;,
  -8.000000;0.000000;8.000000;,
  -8.000000;16.000000;-8.000000;;
  12;
  3;0,3,2;,
  3;3,0,1;,
  3;4,7,5;,
  3;7,4,6;,
  3;8,9,10;,
  3;9,8,11;,
  3;1,7,12;,
  3;7,1,13;,
  3;14,15,16;,
  3;15,14,17;,
  3;18,19,0;,
  3;19,18,6;;

  MeshNormals  {
   6;
   0.000000;-1.000000;0.000000;,
   0.000000;1.000000;0.000000;,
   0.000000;0.000000;-1.000000;,
   1.000000;0.000000;0.000000;,
   0.000000;0.000000;1.000000;,
   -1.000000;0.000000;0.000000;;
   12;
   3;0,0,0;,
   3;0,0,0;,
   3;1,1,1;,
   3;1,1,1;,
   3;2,2,2;,
   3;2,2,2;,
   3;3,3,3;,
   3;3,3,3;,
   3;4,4,4;,
   3;4,4,4;,
   3;5,5,5;,
   3;5,5,5;;
  }

  MeshMaterialList  {
   1;
   12;
   0,
   0,
   0,
   0,
   0,
   0,
   0,
   0,
   0,
   0,
   0,
   0;
   { PDX01_-_Default }
  }

  MeshTextureCoords  {
   20;
   1.000000;1.000000;,
   0.000000;1.000000;,
   1.000000;0.000000;,
   0.000000;0.000000;,
   0.000000;1.000000;,
   1.000000;1.000000;,
   0.000000;0.000000;,
   1.000000;0.000000;,
   0.000000;1.000000;,
   1.000000;0.000000;,
   1.000000;1.000000;,
   0.000000;0.000000;,
   1.000000;1.000000;,
   0.000000;0.000000;,
   0.000000;1.000000;,
   1.000000;0.000000;,
   1.000000;1.000000;,
   0.000000;0.000000;,
   0.000000;1.000000;,
   1.000000;0.000000;;
  }
 }
}

Frame Box02 {
 

 FrameTransformMatrix {
  1.000000,0.000000,0.000000,0.000000,0.000000,1.000000,0.000000,0.000000,0.000000,0.000000,1.000000,0.000000,-3.440853,0.000000,-0.793302,1.000000;;
 }

 Mesh  {
  20;
  -8.000000;0.000000;-8.000000;,
  8.000000;0.000000;-8.000000;,
  -8.000000;0.000000;8.000000;,
  8.000000;0.000000;8.000000;,
  -8.000000;16.000000;-8.000000;,
  8.000000;16.000000;-8.000000;,
  -8.000000;16.000000;8.000000;,
  8.000000;16.000000;8.000000;,
  -8.000000;0.000000;-8.000000;,
  8.000000;16.000000;-8.000000;,
  8.000000;0.000000;-8.000000;,
  -8.000000;16.000000;-8.000000;,
  8.000000;0.000000;8.000000;,
  8.000000;16.000000;-8.000000;,
  8.000000;0.000000;8.000000;,
  -8.000000;16.000000;8.000000;,
  -8.000000;0.000000;8.000000;,
  8.000000;16.000000;8.000000;,
  -8.000000;0.000000;8.000000;,
  -8.000000;16.000000;-8.000000;;
  12;
  3;0,3,2;,
  3;3,0,1;,
  3;4,7,5;,
  3;7,4,6;,
  3;8,9,10;,
  3;9,8,11;,
  3;1,7,12;,
  3;7,1,13;,
  3;14,15,16;,
  3;15,14,17;,
  3;18,19,0;,
  3;19,18,6;;

  MeshNormals  {
   6;
   0.000000;-1.000000;0.000000;,
   0.000000;1.000000;0.000000;,
   0.000000;0.000000;-1.000000;,
   1.000000;0.000000;0.000000;,
   0.000000;0.000000;1.000000;,
   -1.000000;0.000000;0.000000;;
   12;
   3;0,0,0;,
   3;0,0,0;,
   3;1,1,1;,
   3;1,1,1;,
   3;2,2,2;,
   3;2,2,2;,
   3;3,3,3;,
   3;3,3,3;,
   3;4,4,4;,
   3;4,4,4;,
   3;5,5,5;,
   3;5,5,5;;
  }

  MeshMaterialList  {
   1;
   12;
   0,
   0,
   0,
   0,
   0,
   0,
   0,
   0,
   0,
   0,
   0,
   0;
   { PDX02_-_Default }
  }

  MeshTextureCoords  {
   20;
   1.000000;1.000000;,
   0.000000;1.000000;,
   1.000000;0.000000;,
   0.000000;0.000000;,
   0.000000;1.000000;,
   1.000000;1.000000;,
   0.000000;0.000000;,
   1.000000;0.000000;,
   0.000000;1.000000;,
   1.000000;0.000000;,
   1.000000;1.000000;,
   0.000000;0.000000;,
   1.000000;1.000000;,
   0.000000;0.000000;,
   0.000000;1.000000;,
   1.000000;0.000000;,
   1.000000;1.000000;,
   0.000000;0.000000;,
   0.000000;1.000000;,
   1.000000;0.000000;;
  }
 }
}

Frame Box03 {
 

 FrameTransformMatrix {
  1.000000,0.000000,0.000000,0.000000,0.000000,1.000000,0.000000,0.000000,0.000000,0.000000,1.000000,0.000000,45.372482,0.000000,-0.793302,1.000000;;
 }

 Mesh  {
  20;
  -8.000000;0.000000;-8.000000;,
  8.000000;0.000000;-8.000000;,
  -8.000000;0.000000;8.000000;,
  8.000000;0.000000;8.000000;,
  -8.000000;16.000000;-8.000000;,
  8.000000;16.000000;-8.000000;,
  -8.000000;16.000000;8.000000;,
  8.000000;16.000000;8.000000;,
  -8.000000;0.000000;-8.000000;,
  8.000000;16.000000;-8.000000;,
  8.000000;0.000000;-8.000000;,
  -8.000000;16.000000;-8.000000;,
  8.000000;0.000000;8.000000;,
  8.000000;16.000000;-8.000000;,
  8.000000;0.000000;8.000000;,
  -8.000000;16.000000;8.000000;,
  -8.000000;0.000000;8.000000;,
  8.000000;16.000000;8.000000;,
  -8.000000;0.000000;8.000000;,
  -8.000000;16.000000;-8.000000;;
  12;
  3;0,3,2;,
  3;3,0,1;,
  3;4,7,5;,
  3;7,4,6;,
  3;8,9,10;,
  3;9,8,11;,
  3;1,7,12;,
  3;7,1,13;,
  3;14,15,16;,
  3;15,14,17;,
  3;18,19,0;,
  3;19,18,6;;

  MeshNormals  {
   6;
   0.000000;-1.000000;0.000000;,
   0.000000;1.000000;0.000000;,
   0.000000;0.000000;-1.000000;,
   1.000000;0.000000;0.000000;,
   0.000000;0.000000;1.000000;,
   -1.000000;0.000000;0.000000;;
   12;
   3;0,0,0;,
   3;0,0,0;,
   3;1,1,1;,
   3;1,1,1;,
   3;2,2,2;,
   3;2,2,2;,
   3;3,3,3;,
   3;3,3,3;,
   3;4,4,4;,
   3;4,4,4;,
   3;5,5,5;,
   3;5,5,5;;
  }

  MeshMaterialList  {
   1;
   12;
   0,
   0,
   0,
   0,
   0,
   0,
   0,
   0,
   0,
   0,
   0,
   0;

   Material {
    0.690196;0.101961;0.101961;1.000000;;
    0.000000;
    0.690196;0.101961;0.101961;;
    0.000000;0.000000;0.000000;;
   }
  }

  MeshTextureCoords  {
   20;
   1.000000;1.000000;,
   0.000000;1.000000;,
   1.000000;0.000000;,
   0.000000;0.000000;,
   0.000000;1.000000;,
   1.000000;1.000000;,
   0.000000;0.000000;,
   1.000000;0.000000;,
   0.000000;1.000000;,
   1.000000;0.000000;,
   1.000000;1.000000;,
   0.000000;0.000000;,
   1.000000;1.000000;,
   0.000000;0.000000;,
   0.000000;1.000000;,
   1.000000;0.000000;,
   1.000000;1.000000;,
   0.000000;0.000000;,
   0.000000;1.000000;,
   1.000000;0.000000;;
  }
 }
}

AnimationSet Rotate {
 

 Animation Anim-Box01 {
  
  { Box01 }

  AnimationKey {
   4;
   41;
   0;16;1.000000,0.000000,0.000000,0.000000,0.000000,1.000000,0.000000,0.000000,0.000000,0.000000,1.000000,0.000000,-50.545956,0.000000,-0.793302,1.000000;;,
   160;16;0.999935,0.000000,0.011388,0.000000,0.000000,1.000000,0.000000,0.000000,-0.011388,0.000000,0.999935,0.000000,-50.545956,0.000000,-0.793302,1.000000;;,
   320;16;0.999033,0.000000,0.043968,0.000000,0.000000,1.000000,0.000000,0.000000,-0.043968,0.000000,0.999033,0.000000,-50.545956,0.000000,-0.793302,1.000000;;,
   480;16;0.995450,0.000000,0.095281,0.000000,0.000000,1.000000,0.000000,0.000000,-0.095281,0.000000,0.995450,0.000000,-50.545956,0.000000,-0.793302,1.000000;;,
   640;16;0.986686,0.000000,0.162637,0.000000,0.000000,1.000000,0.000000,0.000000,-0.162637,0.000000,0.986686,0.000000,-50.545956,0.000000,-0.793302,1.000000;;,
   800;16;0.970031,0.000000,0.242980,0.000000,0.000000,1.000000,0.000000,0.000000,-0.242980,0.000000,0.970031,0.000000,-50.545956,0.000000,-0.793302,1.000000;;,
   960;16;0.942991,0.000000,0.332820,0.000000,0.000000,1.000000,0.000000,0.000000,-0.332820,0.000000,0.942991,0.000000,-50.545956,0.000000,-0.793302,1.000000;;,
   1120;16;0.903653,0.000000,0.428265,0.000000,0.000000,1.000000,0.000000,0.000000,-0.428265,0.000000,0.903653,0.000000,-50.545956,0.000000,-0.793302,1.000000;;,
   1280;16;0.850994,0.000000,0.525175,0.000000,0.000000,1.000000,0.000000,0.000000,-0.525175,0.000000,0.850994,0.000000,-50.545956,0.000000,-0.793302,1.000000;;,
   1440;16;0.785074,0.000000,0.619402,0.000000,0.000000,1.000000,0.000000,0.000000,-0.619402,0.000000,0.785074,0.000000,-50.545956,0.000000,-0.793302,1.000000;;,
   1600;16;0.707107,0.000000,0.707107,0.000000,0.000000,1.000000,0.000000,0.000000,-0.707107,0.000000,0.707107,0.000000,-50.545956,0.000000,-0.793302,1.000000;;,
   1760;16;0.619402,0.000000,0.785074,0.000000,0.000000,1.000000,0.000000,0.000000,-0.785074,0.000000,0.619402,0.000000,-50.545956,0.000000,-0.793302,1.000000;;,
   1920;16;0.525174,0.000000,0.850994,0.000000,0.000000,1.000000,0.000000,0.000000,-0.850994,0.000000,0.525174,0.000000,-50.545956,0.000000,-0.793302,1.000000;;,
   2080;16;0.428265,0.000000,0.903653,0.000000,0.000000,1.000000,0.000000,0.000000,-0.903653,0.000000,0.428265,0.000000,-50.545956,0.000000,-0.793302,1.000000;;,
   2240;16;0.332820,0.000000,0.942991,0.000000,0.000000,1.000000,0.000000,0.000000,-0.942991,0.000000,0.332820,0.000000,-50.545956,0.000000,-0.793302,1.000000;;,
   2400;16;0.242980,0.000000,0.970031,0.000000,0.000000,1.000000,0.000000,0.000000,-0.970031,0.000000,0.242980,0.000000,-50.545956,0.000000,-0.793302,1.000000;;,
   2560;16;0.162637,0.000000,0.986686,0.000000,0.000000,1.000000,0.000000,0.000000,-0.986686,0.000000,0.162637,0.000000,-50.545956,0.000000,-0.793302,1.000000;;,
   2720;16;0.095281,0.000000,0.995450,0.000000,0.000000,1.000000,0.000000,0.000000,-0.995450,0.000000,0.095281,0.000000,-50.545956,0.000000,-0.793302,1.000000;;,
   2880;16;0.043968,0.000000,0.999033,0.000000,0.000000,1.000000,0.000000,0.000000,-0.999033,0.000000,0.043968,0.000000,-50.545956,0.000000,-0.793302,1.000000;;,
   3040;16;0.011388,0.000000,0.999935,0.000000,0.000000,1.000000,0.000000,0.000000,-0.999935,0.000000,0.011388,0.000000,-50.545956,0.000000,-0.793302,1.000000;;,
   3200;16;0.000000,0.000000,1.000000,0.000000,0.000000,1.000000,0.000000,0.000000,-1.000000,0.000000,0.000000,0.000000,-50.545956,0.000000,-0.793302,1.000000;;,
   3360;16;0.011388,0.000000,0.999935,0.000000,0.000000,1.000000,0.000000,0.000000,-0.999935,0.000000,0.011388,0.000000,-50.545956,0.000000,-0.793302,1.000000;;,
   3520;16;0.043968,0.000000,0.999033,0.000000,0.000000,1.000000,0.000000,0.000000,-0.999033,0.000000,0.043968,0.000000,-50.545956,0.000000,-0.793302,1.000000;;,
   3680;16;0.095281,0.000000,0.995450,0.000000,0.000000,1.000000,0.000000,0.000000,-0.995450,0.000000,0.095281,0.000000,-50.545956,0.000000,-0.793302,1.000000;;,
   3840;16;0.162637,0.000000,0.986686,0.000000,0.000000,1.000000,0.000000,0.000000,-0.986686,0.000000,0.162637,0.000000,-50.545956,0.000000,-0.793302,1.000000;;,
   4000;16;0.242980,0.000000,0.970031,0.000000,0.000000,1.000000,0.000000,0.000000,-0.970031,0.000000,0.242980,0.000000,-50.545956,0.000000,-0.793302,1.000000;;,
   4160;16;0.332820,0.000000,0.942991,0.000000,0.000000,1.000000,0.000000,0.000000,-0.942991,0.000000,0.332820,0.000000,-50.545956,0.000000,-0.793302,1.000000;;,
   4320;16;0.428265,0.000000,0.903653,0.000000,0.000000,1.000000,0.000000,0.000000,-0.903653,0.000000,0.428265,0.000000,-50.545956,0.000000,-0.793302,1.000000;;,
   4480;16;0.525175,0.000000,0.850994,0.000000,0.000000,1.000000,0.000000,0.000000,-0.850994,0.000000,0.525175,0.000000,-50.545956,0.000000,-0.793302,1.000000;;,
   4640;16;0.619402,0.000000,0.785074,0.000000,0.000000,1.000000,0.000000,0.000000,-0.785074,0.000000,0.619402,0.000000,-50.545956,0.000000,-0.793302,1.000000;;,
   4800;16;0.707107,0.000000,0.707107,0.000000,0.000000,1.000000,0.000000,0.000000,-0.707107,0.000000,0.707107,0.000000,-50.545956,0.000000,-0.793302,1.000000;;,
   4960;16;0.785074,0.000000,0.619402,0.000000,0.000000,1.000000,0.000000,0.000000,-0.619402,0.000000,0.785074,0.000000,-50.545956,0.000000,-0.793302,1.000000;;,
   5120;16;0.850994,0.000000,0.525175,0.000000,0.000000,1.000000,0.000000,0.000000,-0.525175,0.000000,0.850994,0.000000,-50.545956,0.000000,-0.793302,1.000000;;,
   5280;16;0.903653,0.000000,0.428265,0.000000,0.000000,1.000000,0.000000,0.000000,-0.428265,0.000000,0.903653,0.000000,-50.545956,0.000000,-0.793302,1.000000;;,
   5440;16;0.942991,0.000000,0.332820,0.000000,0.000000,1.000000,0.000000,0.000000,-0.332820,0.000000,0.942991,0.000000,-50.545956,0.000000,-0.793302,1.000000;;,
   5600;16;0.970031,0.000000,0.242980,0.000000,0.000000,1.000000,0.000000,0.000000,-0.242980,0.000000,0.970031,0.000000,-50.545956,0.000000,-0.793302,1.000000;;,
   5760;16;0.986686,0.000000,0.162637,0.000000,0.000000,1.000000,0.000000,0.000000,-0.162637,0.000000,0.986686,0.000000,-50.545956,0.000000,-0.793302,1.000000;;,
   5920;16;0.995450,0.000000,0.095281,0.000000,0.000000,1.000000,0.000000,0.000000,-0.095281,0.000000,0.995450,0.000000,-50.545956,0.000000,-0.793302,1.000000;;,
   6080;16;0.999033,0.000000,0.043968,0.000000,0.000000,1.000000,0.000000,0.000000,-0.043968,0.000000,0.999033,0.000000,-50.545956,0.000000,-0.793302,1.000000;;,
   6240;16;0.999935,0.000000,0.011388,0.000000,0.000000,1.000000,0.000000,0.000000,-0.011388,0.000000,0.999935,0.000000,-50.545956,0.000000,-0.793302,1.000000;;,
   6400;16;1.000000,0.000000,0.000000,0.000000,0.000000,1.000000,0.000000,0.000000,0.000000,0.000000,1.000000,0.000000,-50.545956,0.000000,-0.793302,1.000000;;;
  }
 }

 Animation Anim-Box02 {
  
  { Box02 }

  AnimationKey {
   4;
   41;
   0;16;1.000000,0.000000,0.000000,0.000000,0.000000,1.000000,0.000000,0.000000,0.000000,0.000000,1.000000,0.000000,-3.440853,0.000000,-0.793302,1.000000;;,
   160;16;0.999935,0.000000,-0.011388,0.000000,0.000000,1.000000,0.000000,0.000000,0.011388,0.000000,0.999935,0.000000,-3.440853,0.000000,-0.793302,1.000000;;,
   320;16;0.999033,0.000000,-0.043968,0.000000,0.000000,1.000000,0.000000,0.000000,0.043968,0.000000,0.999033,0.000000,-3.440853,0.000000,-0.793302,1.000000;;,
   480;16;0.995450,0.000000,-0.095281,0.000000,0.000000,1.000000,0.000000,0.000000,0.095281,0.000000,0.995450,0.000000,-3.440853,0.000000,-0.793302,1.000000;;,
   640;16;0.986686,0.000000,-0.162637,0.000000,0.000000,1.000000,0.000000,0.000000,0.162637,0.000000,0.986686,0.000000,-3.440853,0.000000,-0.793302,1.000000;;,
   800;16;0.970031,0.000000,-0.242980,0.000000,0.000000,1.000000,0.000000,0.000000,0.242980,0.000000,0.970031,0.000000,-3.440853,0.000000,-0.793302,1.000000;;,
   960;16;0.942991,0.000000,-0.332820,0.000000,0.000000,1.000000,0.000000,0.000000,0.332820,0.000000,0.942991,0.000000,-3.440853,0.000000,-0.793302,1.000000;;,
   1120;16;0.903653,0.000000,-0.428265,0.000000,0.000000,1.000000,0.000000,0.000000,0.428265,0.000000,0.903653,0.000000,-3.440853,0.000000,-0.793302,1.000000;;,
   1280;16;0.850994,0.000000,-0.525175,0.000000,0.000000,1.000000,0.000000,0.000000,0.525175,0.000000,0.850994,0.000000,-3.440853,0.000000,-0.793302,1.000000;;,
   1440;16;0.785074,0.000000,-0.619402,0.000000,0.000000,1.000000,0.000000,0.000000,0.619402,0.000000,0.785074,0.000000,-3.440853,0.000000,-0.793302,1.000000;;,
   1600;16;0.707107,0.000000,-0.707107,0.000000,0.000000,1.000000,0.000000,0.000000,0.707107,0.000000,0.707107,0.000000,-3.440853,0.000000,-0.793302,1.000000;;,
   1760;16;0.619402,0.000000,-0.785074,0.000000,0.000000,1.000000,0.000000,0.000000,0.785074,0.000000,0.619402,0.000000,-3.440853,0.000000,-0.793302,1.000000;;,
   1920;16;0.525174,0.000000,-0.850994,0.000000,0.000000,1.000000,0.000000,0.000000,0.850994,0.000000,0.525174,0.000000,-3.440853,0.000000,-0.793302,1.000000;;,
   2080;16;0.428265,0.000000,-0.903653,0.000000,0.000000,1.000000,0.000000,0.000000,0.903653,0.000000,0.428265,0.000000,-3.440853,0.000000,-0.793302,1.000000;;,
   2240;16;0.332820,0.000000,-0.942991,0.000000,0.000000,1.000000,0.000000,0.000000,0.942991,0.000000,0.332820,0.000000,-3.440853,0.000000,-0.793302,1.000000;;,
   2400;16;0.242980,0.000000,-0.970031,0.000000,0.000000,1.000000,0.000000,0.000000,0.970031,0.000000,0.242980,0.000000,-3.440853,0.000000,-0.793302,1.000000;;,
   2560;16;0.162637,0.000000,-0.986686,0.000000,0.000000,1.000000,0.000000,0.000000,0.986686,0.000000,0.162637,0.000000,-3.440853,0.000000,-0.793302,1.000000;;,
   2720;16;0.095281,0.000000,-0.995450,0.000000,0.000000,1.000000,0.000000,0.000000,0.995450,0.000000,0.095281,0.000000,-3.440853,0.000000,-0.793302,1.000000;;,
   2880;16;0.043968,0.000000,-0.999033,0.000000,0.000000,1.000000,0.000000,0.000000,0.999033,0.000000,0.043968,0.000000,-3.440853,0.000000,-0.793302,1.000000;;,
   3040;16;0.011388,0.000000,-0.999935,0.000000,0.000000,1.000000,0.000000,0.000000,0.999935,0.000000,0.011388,0.000000,-3.440853,0.000000,-0.793302,1.000000;;,
   3200;16;0.000000,0.000000,-1.000000,0.000000,0.000000,1.000000,0.000000,0.000000,1.000000,0.000000,0.000000,0.000000,-3.440853,0.000000,-0.793302,1.000000;;,
   3360;16;0.011388,0.000000,-0.999935,0.000000,0.000000,1.000000,0.000000,0.000000,0.999935,0.000000,0.011388,0.000000,-3.440853,0.000000,-0.793302,1.000000;;,
   3520;16;0.043968,0.000000,-0.999033,0.000000,0.000000,1.000000,0.000000,0.000000,0.999033,0.000000,0.043968,0.000000,-3.440853,0.000000,-0.793302,1.000000;;,
   3680;16;0.095281,0.000000,-0.995450,0.000000,0.000000,1.000000,0.000000,0.000000,0.995450,0.000000,0.095281,0.000000,-3.440853,0.000000,-0.793302,1.000000;;,
   3840;16;0.162637,0.000000,-0.986686,0.000000,0.000000,1.000000,0.000000,0.000000,0.986686,0.000000,0.162637,0.000000,-3.440853,0.000000,-0.793302,1.000000;;,
   4000;16;0.242980,0.000000,-0.970031,0.000000,0.000000,1.000000,0.000000,0.000000,0.970031,0.000000,0.242980,0.000000,-3.440853,0.000000,-0.793302,1.000000;;,
   4160;16;0.332820,0.000000,-0.942991,0.000000,0.000000,1.000000,0.000000,0.000000,0.942991,0.000000,0.332820,0.000000,-3.440853,0.000000,-0.793302,1.000000;;,
   4320;16;0.428265,0.000000,-0.903653,0.000000,0.000000,1.000000,0.000000,0.000000,0.903653,0.000000,0.428265,0.000000,-3.440853,0.000000,-0.793302,1.000000;;,
   4480;16;0.525175,0.000000,-0.850994,0.000000,0.000000,1.000000,0.000000,0.000000,0.850994,0.000000,0.525175,0.000000,-3.440853,0.000000,-0.793302,1.000000;;,
   4640;16;0.619402,0.000000,-0.785074,0.000000,0.000000,1.000000,0.000000,0.000000,0.785074,0.000000,0.619402,0.000000,-3.440853,0.000000,-0.793302,1.000000;;,
   4800;16;0.707107,0.000000,-0.707107,0.000000,0.000000,1.000000,0.000000,0.000000,0.707107,0.000000,0.707107,0.000000,-3.440853,0.000000,-0.793302,1.000000;;,
   4960;16;0.785074,0.000000,-0.619402,0.000000,0.000000,1.000000,0.000000,0.000000,0.619402,0.000000,0.785074,0.000000,-3.440853,0.000000,-0.793302,1.000000;;,
   5120;16;0.850994,0.000000,-0.525175,0.000000,0.000000,1.000000,0.000000,0.000000,0.525175,0.000000,0.850994,0.000000,-3.440853,0.000000,-0.793302,1.000000;;,
   5280;16;0.903653,0.000000,-0.428265,0.000000,0.000000,1.000000,0.000000,0.000000,0.428265,0.000000,0.903653,0.000000,-3.440853,0.000000,-0.793302,1.000000;;,
   5440;16;0.942991,0.000000,-0.332820,0.000000,0.000000,1.000000,0.000000,0.000000,0.332820,0.000000,0.942991,0.000000,-3.440853,0.000000,-0.793302,1.000000;;,
   5600;16;0.970031,0.000000,-0.242980,0.000000,0.000000,1.000000,0.000000,0.000000,0.242980,0.000000,0.970031,0.000000,-3.440853,0.000000,-0.793302,1.000000;;,
   5760;16;0.986686,0.000000,-0.162637,0.000000,0.000000,1.000000,0.000000,0.000000,0.162637,0.000000,0.986686,0.000000,-3.440853,0.000000,-0.793302,1.000000;;,
   5920;16;0.995450,0.000000,-0.095281,0.000000,0.000000,1.000000,0.000000,0.000000,0.095281,0.000000,0.995450,0.000000,-3.440853,0.000000,-0.793302,1.000000;;,
   6080;16;0.999033,0.000000,-0.043968,0.000000,0.000000,1.000000,0.000000,0.000000,0.043968,0.000000,0.999033,0.000000,-3.440853,0.000000,-0.793302,1.000000;;,
   6240;16;0.999935,0.000000,-0.011388,0.000000,0.000000,1.000000,0.000000,0.000000,0.011388,0.000000,0.999935,0.000000,-3.440853,0.000000,-0.793302,1.000000;;,
   6400;16;1.000000,0.000000,0.000000,0.000000,0.000000,1.000000,0.000000,0.000000,0.000000,0.000000,1.000000,0.000000,-3.440853,0.000000,-0.793302,1.000000;;;
  }
 }

 Animation Anim-Box03 {
  
  { Box03 }

  AnimationKey {
   4;
   41;
   0;16;1.000000,0.000000,0.000000,0.000000,0.000000,1.000000,0.000000,0.000000,0.000000,0.000000,1.000000,0.000000,45.372482,0.000000,-0.793302,1.000000;;,
   160;16;1.000000,0.000000,0.000000,0.000000,0.000000,0.999935,-0.011388,0.000000,0.000000,0.011388,0.999935,0.000000,45.372482,0.000000,-0.793302,1.000000;;,
   320;16;1.000000,0.000000,0.000000,0.000000,0.000000,0.999033,-0.043968,0.000000,0.000000,0.043968,0.999033,0.000000,45.372482,0.000000,-0.793302,1.000000;;,
   480;16;1.000000,0.000000,0.000000,0.000000,0.000000,0.995450,-0.095281,0.000000,0.000000,0.095281,0.995450,0.000000,45.372482,0.000000,-0.793302,1.000000;;,
   640;16;1.000000,0.000000,0.000000,0.000000,0.000000,0.986686,-0.162637,0.000000,0.000000,0.162637,0.986686,0.000000,45.372482,0.000000,-0.793302,1.000000;;,
   800;16;1.000000,0.000000,0.000000,0.000000,0.000000,0.970031,-0.242980,0.000000,0.000000,0.242980,0.970031,0.000000,45.372482,0.000000,-0.793302,1.000000;;,
   960;16;1.000000,0.000000,0.000000,0.000000,0.000000,0.942991,-0.332820,0.000000,0.000000,0.332820,0.942991,0.000000,45.372482,0.000000,-0.793302,1.000000;;,
   1120;16;1.000000,0.000000,0.000000,0.000000,0.000000,0.903653,-0.428265,0.000000,0.000000,0.428265,0.903653,0.000000,45.372482,0.000000,-0.793302,1.000000;;,
   1280;16;1.000000,0.000000,0.000000,0.000000,0.000000,0.850994,-0.525175,0.000000,0.000000,0.525175,0.850994,0.000000,45.372482,0.000000,-0.793302,1.000000;;,
   1440;16;1.000000,0.000000,0.000000,0.000000,0.000000,0.785074,-0.619402,0.000000,0.000000,0.619402,0.785074,0.000000,45.372482,0.000000,-0.793302,1.000000;;,
   1600;16;1.000000,0.000000,0.000000,0.000000,0.000000,0.707107,-0.707107,0.000000,0.000000,0.707107,0.707107,0.000000,45.372482,0.000000,-0.793302,1.000000;;,
   1760;16;1.000000,0.000000,0.000000,0.000000,0.000000,0.619402,-0.785074,0.000000,0.000000,0.785074,0.619402,0.000000,45.372482,0.000000,-0.793302,1.000000;;,
   1920;16;1.000000,0.000000,0.000000,0.000000,0.000000,0.525174,-0.850994,0.000000,0.000000,0.850994,0.525174,0.000000,45.372482,0.000000,-0.793302,1.000000;;,
   2080;16;1.000000,0.000000,0.000000,0.000000,0.000000,0.428265,-0.903653,0.000000,0.000000,0.903653,0.428265,0.000000,45.372482,0.000000,-0.793302,1.000000;;,
   2240;16;1.000000,0.000000,0.000000,0.000000,0.000000,0.332820,-0.942991,0.000000,0.000000,0.942991,0.332820,0.000000,45.372482,0.000000,-0.793302,1.000000;;,
   2400;16;1.000000,0.000000,0.000000,0.000000,0.000000,0.242980,-0.970031,0.000000,0.000000,0.970031,0.242980,0.000000,45.372482,0.000000,-0.793302,1.000000;;,
   2560;16;1.000000,0.000000,0.000000,0.000000,0.000000,0.162637,-0.986686,0.000000,0.000000,0.986686,0.162637,0.000000,45.372482,0.000000,-0.793302,1.000000;;,
   2720;16;1.000000,0.000000,0.000000,0.000000,0.000000,0.095281,-0.995450,0.000000,0.000000,0.995450,0.095281,0.000000,45.372482,0.000000,-0.793302,1.000000;;,
   2880;16;1.000000,0.000000,0.000000,0.000000,0.000000,0.043968,-0.999033,0.000000,0.000000,0.999033,0.043968,0.000000,45.372482,0.000000,-0.793302,1.000000;;,
   3040;16;1.000000,0.000000,0.000000,0.000000,0.000000,0.011388,-0.999935,0.000000,0.000000,0.999935,0.011388,0.000000,45.372482,0.000000,-0.793302,1.000000;;,
   3200;16;1.000000,0.000000,0.000000,0.000000,0.000000,0.000000,-1.000000,0.000000,0.000000,1.000000,0.000000,0.000000,45.372482,0.000000,-0.793302,1.000000;;,
   3360;16;1.000000,0.000000,0.000000,0.000000,0.000000,0.011388,-0.999935,0.000000,0.000000,0.999935,0.011388,0.000000,45.372482,0.000000,-0.793302,1.000000;;,
   3520;16;1.000000,0.000000,0.000000,0.000000,0.000000,0.043968,-0.999033,0.000000,0.000000,0.999033,0.043968,0.000000,45.372482,0.000000,-0.793302,1.000000;;,
   3680;16;1.000000,0.000000,0.000000,0.000000,0.000000,0.095281,-0.995450,0.000000,0.000000,0.995450,0.095281,0.000000,45.372482,0.000000,-0.793302,1.000000;;,
   3840;16;1.000000,0.000000,0.000000,0.000000,0.000000,0.162637,-0.986686,0.000000,0.000000,0.986686,0.162637,0.000000,45.372482,0.000000,-0.793302,1.000000;;,
   4000;16;1.000000,0.000000,0.000000,0.000000,0.000000,0.242980,-0.970031,0.000000,0.000000,0.970031,0.242980,0.000000,45.372482,0.000000,-0.793302,1.000000;;,
   4160;16;1.000000,0.000000,0.000000,0.000000,0.000000,0.332820,-0.942991,0.000000,0.000000,0.942991,0.332820,0.000000,45.372482,0.000000,-0.793302,1.000000;;,
   4320;16;1.000000,0.000000,0.000000,0.000000,0.000000,0.428265,-0.903653,0.000000,0.000000,0.903653,0.428265,0.000000,45.372482,0.000000,-0.793302,1.000000;;,
   4480;16;1.000000,0.000000,0.000000,0.000000,0.000000,0.525175,-0.850994,0.000000,0.000000,0.850994,0.525175,0.000000,45.372482,0.000000,-0.793302,1.000000;;,
   4640;16;1.000000,0.000000,0.000000,0.000000,0.000000,0.619402,-0.785074,0.000000,0.000000,0.785074,0.619402,0.000000,45.372482,0.000000,-0.793302,1.000000;;,
   4800;16;1.000000,0.000000,0.000000,0.000000,0.000000,0.707107,-0.707107,0.000000,0.000000,0.707107,0.707107,0.000000,45.372482,0.000000,-0.793302,1.000000;;,
   4960;16;1.000000,0.000000,0.000000,0.000000,0.000000,0.785074,-0.619402,0.000000,0.000000,0.619402,0.785074,0.000000,45.372482,0.000000,-0.793302,1.000000;;,
   5120;16;1.000000,0.000000,0.000000,0.000000,0.000000,0.850994,-0.525175,0.000000,0.000000,0.525175,0.850994,0.000000,45.372482,0.000000,-0.793302,1.000000;;,
   5280;16;1.000000,0.000000,0.000000,0.000000,0.000000,0.903653,-0.428265,0.000000,0.000000,0.428265,0.903653,0.000000,45.372482,0.000000,-0.793302,1.000000;;,
   5440;16;1.000000,0.000000,0.000000,0.000000,0.000000,0.942991,-0.332820,0.000000,0.000000,0.332820,0.942991,0.000000,45.372482,0.000000,-0.793302,1.000000;;,
   5600;16;1.000000,0.000000,0.000000,0.000000,0.000000,0.970031,-0.242980,0.000000,0.000000,0.242980,0.970031,0.000000,45.372482,0.000000,-0.793302,1.000000;;,
   5760;16;1.000000,0.000000,0.000000,0.000000,0.000000,0.986686,-0.162637,0.000000,0.000000,0.162637,0.986686,0.000000,45.372482,0.000000,-0.793302,1.000000;;,
   5920;16;1.000000,0.000000,0.000000,0.000000,0.000000,0.995450,-0.095281,0.000000,0.000000,0.095281,0.995450,0.000000,45.372482,0.000000,-0.793302,1.000000;;,
   6080;16;1.000000,0.000000,0.000000,0.000000,0.000000,0.999033,-0.043968,0.000000,0.000000,0.043968,0.999033,0.000000,45.372482,0.000000,-0.793302,1.000000;;,
   6240;16;1.000000,0.000000,0.000000,0.000000,0.000000,0.999935,-0.011388,0.000000,0.000000,0.011388,0.999935,0.000000,45.372482,0.000000,-0.793302,1.000000;;,
   6400;16;1.000000,0.000000,0.000000,0.000000,0.000000,1.000000,0.000000,0.000000,0.000000,0.000000,1.000000,0.000000,45.372482,0.000000,-0.793302,1.000000;;;
  }
 }
}